0 2.9174477954144558
1 3.3841242718909386
2 4.186804294770959
3 4.31386424996425
4 4.53429147719148
5 4.962188455121794
6 4.699600224033556
7 4.963928166261508
9 5.311833047333047
11 5.529383721817051
13 6.15374801944802
15 4.852876085609419
17 5.120092053958709
19 5.615737046570388
21 6.259119386052727
23 5.614488178654841
25 6.259070322703653
29 6.63964802421469
33 6.883313127413126
37 6.453536889270224
41 6.259020844654176
45 7.259905076505083
49 7.240387840221175
53 7.4119767624767645
57 6.89125364888699
61 7.31878016588017
69 6.942729934696601
77 6.519887158587157
85 7.421314161780833
93 6.851043891510557
101 7.664127961294631
109 7.146898283998283
117 7.655611797511797
125 7.654597421230756
133 8.436751036751039
149 8.788698641498641
165 8.580182425282421
181 8.16496393536395
197 9.074521430954764
213 8.04939768339769
229 8.042607021307006
245 7.824245593212267
261 8.582675513608839
277 8.036587706754368
309 9.310241450974775
341 8.656973683207017
373 8.845745202345201
405 8.298804823871494
437 8.058544458744455
469 9.309701182134502
501 9.894161828495152
533 9.683752714619386
565 9.120230587730578
629 9.48371326564661
693 9.577360732160738
757 9.433125501692174
821 9.879098836932172
885 9.92249009962343
949 10.920233114066454
1013 9.361214647981315
1077 11.434916974116971
1141 10.296096930263603
1269 10.388693750893749
1397 10.338806830640163
1525 11.125510929977583
1653 10.755683850517194
1781 11.158176843510173
1909 11.287315572715581
2037 12.516066990800319
2165 11.698588965155638
2293 11.924109228275885
2549 10.425820444253766
2805 10.589940926640935
3061 10.654951460984785
3317 10.931276037942702
3573 10.767394956861633
3829 12.483875480242155
4085 10.124263129796466
4341 11.478132689832696
4597 12.164332103532095
5109 10.84790193526862
5621 12.366036960770275
6133 11.51176331569665
6645 11.559176166642828
7157 12.33443077363079
7669 11.082469774536444
8181 12.232784856284846
8693 12.017202364269009
9205 11.297415934982592
10229 11.995734510701153
11253 12.313706892606874
12277 11.767205476905486
13301 11.63660338433673
14325 12.165549120549118
15349 11.507439477572799
16373 11.801234525001197
17397 11.278286872586857
18421 11.721494666094674
20469 11.193317450784113
22517 12.002540688307338
24565 11.772207650507656
26613 11.74781909528577
28661 11.231771223604571
30709 11.118986624719948
32757 11.689801859001864
34805 11.805369960436616
36853 11.079880561513894
40949 11.51776788693452
45045 12.99765101768435
49141 11.851191162591128
53237 11.909965985032683
57333 11.97825966442632
61429 11.343224472091132
65525 11.814935158968488
69621 11.093217908384569
73717 10.81660605367273
81909 12.364834501167843
90101 11.932545559845579
98293 12.314480366080367
