0 11.18327123313791
1 11.246294289527624
2 11.579996920730236
3 11.831900424233755
4 11.858803026836346
5 11.978199122932448
6 11.408994861528182
7 11.404550145383492
9 10.977711573478249
11 11.37506585156587
13 11.67608119548121
15 11.316772501072515
17 12.155505858239191
19 12.299804800038123
21 11.120327846894533
23 11.530321411888078
25 12.040900657800675
29 13.293868149101483
33 13.64196174746177
37 12.7482275799609
41 11.463256561323227
45 11.841742780876128
49 12.671050731684083
53 11.684879407979407
57 11.325061914295224
61 11.009746136612813
69 11.391450574383905
77 10.764051904285237
85 11.223701344201347
93 11.932494851994846
101 11.752073263739913
109 12.290311926211933
117 12.910374736641412
125 11.47337917917916
133 11.456095905429235
149 11.545128590495263
165 11.207989732589716
181 11.511396610896615
197 11.417362090662095
213 11.495769369369363
229 12.067136388769711
245 12.437917298250643
261 11.262538228704901
277 12.004047538014207
309 11.77731263644597
341 11.094711497211506
373 10.232576018876003
405 11.310751027217684
437 10.746210405643728
469 11.735301511034843
501 11.705011721245068
533 11.406697364030704
565 11.579324066924077
629 10.752607178607168
693 12.358099437532761
757 11.156201658801647
821 11.101987759187773
885 11.850345788645788
949 12.392688316888282
1013 12.021517093283773
1077 11.898691348491365
1141 11.31224650841317
1269 11.405270999571009
1397 11.25188205824874
1525 11.82869644882979
1653 11.889439739739728
1781 11.471087115687123
1909 11.487827727727721
2037 10.66007894561227
2165 12.79897213880547
2293 12.254891529624864
2549 10.970147604747611
2805 11.338823347156682
3061 11.569127942227945
3317 10.514274436341084
3573 11.823731016731035
3829 11.29234543591211
4085 11.782957600457594
4341 11.69626667620001
4597 11.575123618856953
5109 12.115965965965989
5621 12.15952508699175
6133 12.578479055245717
6645 11.183377720577715
7157 11.472313499213504
7669 13.611314719481374
8181 11.278827446494116
8693 12.326816111349448
9205 11.014017693884359
10229 11.279136174269508
11253 10.808233719433716
12277 11.780401954335305
13301 11.013615963582641
14325 11.765322465322464
15349 12.69640419467086
16373 11.589111611611596
17397 11.839986510319847
18421 10.758220601553944
20469 11.857746732446723
22517 11.898470742170753
24565 11.599045488345487
26613 11.728011859478526
28661 12.049475103675112
30709 11.687697445064135
32757 11.439546198579531
34805 12.120412102578769
36853 11.11609221125888
40949 12.1377118499452
45045 12.035865775299108
49141 11.189241217407872
53237 11.567442623575953
57333 11.80522363792363
61429 12.1850140664474
65525 11.02271705038372
69621 12.38410676390677
73717 12.414838776872116
81909 12.629964821964828
90101 13.075916230516222
98293 12.11498572858574
