x	arrow-star	arrow-mst	arrow-random	ivy-random	random-random	localMinPairs-random	minWeight-random	dynamicStar-random
1.0	1.5	4.0	6.0	5.5	5.0	5.5	5.5	5.5
2.0	1.6666666666666667	4.0	6.0	4.666666666666667	4.333333333333333	4.666666666666667	5.0	4.666666666666667
3.0	1.75	4.25	6.5	5.0	4.0	5.25	5.25	5.0
4.0	1.8	8.6	6.8	4.6	4.6	5.0	5.0	4.6
5.0	1.8333333333333335	12.333333333333332	6.5	4.666666666666666	4.833333333333333	5.333333333333333	5.333333333333333	4.666666666666666
6.0	1.8571428571428572	14.142857142857142	6.428571428571429	4.571428571428571	4.571428571428571	5.285714285714286	5.285714285714286	4.571428571428571
7.0	1.875	14.125	6.375	4.75	4.5	6.125	6.0	4.75
8.0	1.8888888888888888	13.0	6.222222222222222	4.444444444444445	4.444444444444445	5.888888888888889	6.222222222222222	4.444444444444445
9.0	1.9	13.3	6.1	4.4	4.6000000000000005	5.800000000000001	6.4	4.4
10.0	1.909090909090909	12.454545454545455	6.363636363636363	4.454545454545455	4.909090909090909	5.818181818181819	6.363636363636364	4.454545454545455
11.0	1.9166666666666665	12.583333333333334	6.25	4.333333333333334	4.75	5.666666666666668	6.166666666666667	4.333333333333334
12.0	1.923076923076923	11.76923076923077	6.230769230769231	4.461538461538462	4.769230769230769	5.846153846153848	6.384615384615385	4.461538461538462
14.0	1.9333333333333331	12.133333333333335	6.2	4.6000000000000005	4.8	5.800000000000001	6.2666666666666675	4.6000000000000005
16.0	1.941176470588235	11.764705882352942	6.176470588235294	4.470588235294119	5.294117647058823	5.588235294117648	6.23529411764706	4.470588235294119
18.0	1.9473684210526314	11.631578947368421	6.526315789473685	4.36842105263158	5.526315789473684	5.3157894736842115	6.052631578947369	4.36842105263158
20.0	1.952380952380952	12.428571428571429	6.761904761904762	4.2857142857142865	5.285714285714286	5.2857142857142865	6.0	4.333333333333334
23.0	1.958333333333333	13.333333333333334	7.0	4.458333333333334	5.25	6.0	6.666666666666666	4.500000000000001
25.0	1.9615384615384612	13.423076923076923	6.961538461538462	4.423076923076923	5.1923076923076925	6.0	6.384615384615384	4.461538461538463
29.0	1.9666666666666663	13.000000000000002	6.966666666666667	4.2333333333333325	5.000000000000001	5.833333333333334	6.2333333333333325	4.333333333333334
32.0	1.9696969696969693	12.90909090909091	6.9393939393939394	4.242424242424241	5.151515151515152	5.757575757575758	5.969696969696969	4.303030303030304
36.0	1.9729729729729726	13.054054054054054	6.621621621621623	4.216216216216216	5.135135135135136	5.810810810810811	5.972972972972972	4.351351351351352
41.0	1.976190476190476	12.785714285714286	6.690476190476191	4.119047619047619	5.190476190476192	5.500000000000001	5.69047619047619	4.261904761904761
46.0	1.9787234042553192	12.531914893617023	6.723404255319148	4.191489361702127	5.361702127659575	5.553191489361702	5.723404255319148	4.340425531914893
52.0	1.9433962264150944	13.132075471698117	6.415094339622642	4.150943396226413	5.452830188679245	5.641509433962264	5.830188679245283	4.339622641509433
58.0	1.9491525423728813	13.050847457627121	6.305084745762712	4.203389830508473	5.406779661016949	5.71186440677966	6.101694915254237	4.423728813559322
65.0	1.9242424242424243	12.515151515151517	6.2272727272727275	4.257575757575757	5.393939393939394	5.590909090909092	6.181818181818181	4.53030303030303
73.0	1.9324324324324325	12.75675675675676	6.364864864864865	4.189189189189188	5.364864864864865	5.486486486486487	6.108108108108108	4.4324324324324325
83.0	1.9166666666666665	13.059523809523812	6.404761904761905	4.154761904761903	5.440476190476191	5.4523809523809526	6.333333333333333	4.3690476190476195
93.0	1.925531914893617	13.191489361702132	6.595744680851064	4.159574468085105	5.404255319148937	5.372340425531915	6.659574468085105	4.436170212765958
104.0	1.9142857142857144	13.152380952380959	6.419047619047619	4.095238095238094	5.371428571428572	5.190476190476191	6.895238095238094	4.333333333333334
117.0	1.9237288135593218	13.271186440677972	6.449152542372881	4.135593220338982	5.347457627118645	5.194915254237288	6.796610169491524	4.389830508474578
132.0	1.9323308270676693	13.195488721804518	6.443609022556389	4.157894736842105	5.390977443609023	5.157894736842106	6.842105263157893	4.406015037593986
148.0	1.9395973154362418	13.295302013422825	6.442953020134226	4.140939597315437	5.389261744966444	5.154362416107383	6.9597315436241605	4.38255033557047
166.0	1.9461077844311374	13.173652694610785	6.389221556886224	4.095808383233534	5.461077844311378	5.113772455089821	6.910179640718562	4.377245508982036
187.0	1.9414893617021276	13.085106382978733	6.218085106382974	4.111702127659575	5.409574468085105	4.989361702127658	6.888297872340425	4.393617021276596
210.0	1.928909952606635	12.848341232227497	6.222748815165875	4.132701421800946	5.454976303317532	5.0094786729857805	6.914691943127962	4.393364928909953
236.0	1.9367088607594936	12.987341772151904	6.20675105485232	4.143459915611813	5.489451476793245	5.130801687763711	7.037974683544305	4.455696202531646
265.0	1.943609022556391	13.165413533834593	6.278195488721802	4.165413533834584	5.458646616541349	5.195488721804508	7.398496240601506	4.484962406015039
298.0	1.9498327759197327	13.294314381270913	6.37792642140468	4.187290969899663	5.4414715719063524	5.227424749163876	7.491638795986623	4.521739130434783
335.0	1.9375000000000004	13.011904761904765	6.315476190476188	4.166666666666664	5.532738095238095	5.327380952380947	7.747023809523809	4.449404761904761
376.0	1.9442970822281171	12.745358090185682	6.291777188328911	4.204244031830235	5.541114058355437	5.360742705570289	7.89655172413793	4.440318302387266
422.0	1.9456264775413716	12.832151300236413	6.35224586288416	4.177304964539003	5.569739952718675	5.354609929078012	8.307328605200944	4.3900709219858145
475.0	1.9432773109243704	12.911764705882366	6.281512605042013	4.186974789915964	5.640756302521007	5.289915966386554	8.470588235294114	4.329831932773107
533.0	1.9456928838951315	12.97940074906369	6.27715355805243	4.187265917602995	5.709737827715355	5.288389513108611	8.758426966292133	4.292134831460674
599.0	1.9516666666666675	13.04166666666669	6.308333333333328	4.201666666666665	5.778333333333334	5.3266666666666636	9.018333333333329	4.243333333333334
673.0	1.9569732937685462	13.170623145400615	6.256676557863497	4.192878338278931	5.707715133531158	5.307121661721063	9.403560830860535	4.219584569732942
756.0	1.95112285336856	13.220607661823005	6.233817701453101	4.179656538969618	5.688243064729196	5.2800528401585165	9.568031704095114	4.154557463672395
849.0	1.9494117647058817	13.14000000000002	6.215294117647058	4.211764705882357	5.700000000000002	5.271764705882353	9.882352941176476	4.076470588235298
954.0	1.9528795811518325	13.206282722513109	6.197905759162303	4.206282722513094	5.703664921465973	5.343455497382199	10.451308900523575	3.985340314136131
1072.0	1.950605778191985	13.172413793103471	6.194780987884437	4.193849021435237	5.6868592730661724	5.353215284249769	10.626281453867671	3.9086672879776376
1204.0	1.954356846473028	13.204979253112047	6.214107883817427	4.207468879668058	5.699585062240668	5.395850622406641	10.819917012448144	3.8448132780083037
1353.0	1.9579025110782842	13.275480059084206	6.245937961595273	4.2097488921713495	5.723042836041366	5.389955686853774	11.026587887740025	3.7474150664697246
1519.0	1.9585526315789437	13.358552631578956	6.262499999999998	4.200657894736844	5.723684210526327	5.461842105263168	11.31118421052631	3.633552631578952
1707.0	1.9560889929742358	13.300936768149878	6.2511709601873555	4.197306791569088	5.736533957845444	5.524590163934436	11.501756440281026	3.5398126463700277
1917.0	1.957768508863397	13.291449426485912	6.248175182481754	4.193952033368099	5.7502606882169065	5.571949947862361	11.713242961418132	3.518248175182486
2154.0	1.9540603248259834	13.290023201856128	6.235266821345707	4.180046403712307	5.739211136890963	5.637122969837588	11.954988399071919	3.421345707656618
2420.0	1.9566294919454752	13.242048740189988	6.222222222222228	4.16646014043785	5.714167699297831	5.662123089632383	12.218091697645608	3.3130937629078927
2718.0	1.9562339095255594	13.193085693269582	6.238690695108502	4.181684442809867	5.734461198970227	5.695108495770511	12.440970945200444	3.2283927914674573
3053.0	1.953831041257365	13.284872298624753	6.257039947609695	4.171578258022277	5.716437459070089	5.7105435494433605	12.632285527177482	3.1172233136869694
3430.0	1.954823666569512	13.238122996211008	6.270183619935878	4.167006703584969	5.728650539201424	5.725153016613239	12.850189449140204	2.997959778490235
3853.0	1.9566683964711975	13.2797093928386	6.27322262584328	4.174364296834467	5.736896730669456	5.77763362740011	13.006746237675175	2.925531914893621
4328.0	1.953799953799954	13.2956802956803	6.25479325479325	4.176946176946178	5.732501732501754	5.83252483252483	13.239778239778271	2.8544698544698597
4862.0	1.9537322640345474	13.33045445198438	6.270820481184448	4.161422989923911	5.72239358420729	5.880115155253951	13.476660497635228	2.7684556857906713
5462.0	1.9540545487827232	13.363902617609394	6.285008237232279	4.15870400878639	5.696320702910495	5.8808347062053805	13.789309902983723	2.7376899139666913
6135.0	1.9555084745762734	13.384778357235994	6.2975880052151165	4.171121251629735	5.702411994784883	5.931551499348114	14.031779661016978	2.6714471968709304
6892.0	1.9560423618163376	13.398665312635998	6.294211518932234	4.172783983751634	5.697083998259106	5.937472798491237	14.245901639344293	2.593645727549693
7742.0	1.9544104352318237	13.4397520340953	6.289035257652042	4.174867622368597	5.696629213483153	5.913728528993935	14.411210125274463	2.5448792457703733
8697.0	1.9564267647735134	13.4804552770752	6.282938606576201	4.180616233616916	5.689813750287437	5.974246953322607	14.599333180041416	2.482409749367667
9770.0	1.9569133149114768	13.479787125166348	6.306416948111744	4.180227202947484	5.684576808924359	6.007061713233038	14.768805649370616	2.427796540783947
10974.0	1.9567198177676557	13.488200455580902	6.2980410022778885	4.186605922551241	5.666788154897469	6.0307061503416755	14.842277904328068	2.3766742596810877
12328.0	1.9561197177386649	13.53272771514322	6.28753345770134	4.1893908670613875	5.655689836969737	6.068862032606052	15.007380971692806	2.3325492740692613
13848.0	1.9557368763087553	13.524153368474304	6.273449346523216	4.184562062242754	5.6518160155968	6.084049389847662	15.115820636869136	2.2980720629648275
15556.0	1.9562254933470418	13.52645111525362	6.2812238863534295	4.18821109468405	5.655653403612511	6.120653082213804	15.235456707591494	2.268817895481135
17475.0	1.9565690089265224	13.522831311512968	6.277924010070962	4.188143739986259	5.6649118791485495	6.132524605172833	15.351110093843017	2.23506523231862
19630.0	1.955937038357691	13.50297998064288	6.281187917069929	4.186898273139406	5.6601293871937255	6.149610310223646	15.413580561357062	2.2090571035607076
22051.0	1.955967712679115	13.525530564121189	6.280926900054425	4.1850625793578855	5.654498458189727	6.137855976782196	15.491021222564843	2.1832940322873315
24770.0	1.9563602599814214	13.512857777239564	6.280812240119513	4.186387307738872	5.659480844535937	6.132412902184056	15.576359452585699	2.1639820758144728
27825.0	1.9560483001509297	13.508732839790225	6.281032128225402	4.183461510817198	5.66376769927406	6.1322863508949075	15.629950406095052	2.1408754402357633
31256.0	1.955817896791111	13.520555395591458	6.279137473206002	4.183382922225403	5.664971046485595	6.141152381866525	15.664171225645488	2.120357040023043
35111.0	1.9566814764183103	13.503189792663514	6.2777682843472356	4.181875142401438	5.662195260879499	6.145876053770834	15.720807701070868	2.103383458646613
39441.0	1.956974798438209	13.478246539222173	6.277090411236761	4.17663911566348	5.663708736879483	6.160108513767104	15.764160032452764	2.0875716241570035
44305.0	1.9562813163002744	13.466979641583562	6.273055568094614	4.177989437096536	5.6704735250304985	6.162077371010752	15.773371552385676	2.072540965106322
49769.0	1.957383966244722	13.488708057062489	6.269680530440044	4.178199718706018	5.672774763914009	6.167972674301814	15.822624070725363	2.0608800482218332
55907.0	1.9580560921513916	13.500465049724488	6.266866995778799	4.1801352221506445	5.6718179866924325	6.178006725334489	15.844798597696283	2.0501895971953994
62802.0	1.9581389424072106	13.486346193653134	6.27272582519945	4.178606117542126	5.670031686384439	6.185564383867006	15.87726700953783	2.0401573173256184
70547.0	1.9586806146170037	13.482210693428613	6.273331632363795	4.178984521177031	5.66240006803882	6.1930742189715176	15.883483585643898	2.031694732664296
79247.0	1.9583459519483244	13.46596759539678	6.282682212800334	4.179159095497671	5.664849586109483	6.194629517464202	15.880779325661322	2.023344437714528
89020.0	1.9582458071691071	13.462576246054388	6.277136855348781	4.1787780411363435	5.665348625605245	6.182709697711808	15.883184866492185	2.016108558654707
99999.0	1.9589300000000203	13.466840000000142	6.278440000000049	4.179070000000016	5.661130000000041	6.180230000000076	15.897809999999954	2.0104400000000147
