x	arrow-star	arrow-mst	arrow-random	ivy-random	random-random	localMinPairs-random	minWeight-random	dynamicStar-random
1.0	1.0260506823575506	1.2718851617980285	16.408512937097512	13.989862808944686	11.328794251401137	13.989862808944686	13.989862808944686	13.989862808944686
2.0	1.207287633468441	1.241272817607177	16.405120952565603	12.251527580021882	8.766283281491011	12.251527580021882	12.994507116726268	12.251527580021882
3.0	1.402267817080144	1.197810110255718	15.954393551239242	11.384409308027244	8.513196457592855	11.384638307902232	11.790204438380266	11.384409308027244
4.0	1.328281938895687	1.3901838811770202	14.04264462875053	9.449005659150938	7.947297372740408	9.455590960713675	9.7800438650961	9.449005659150938
5.0	1.3333535288823353	1.8300029506410445	12.908427205218594	9.119240551215258	7.392094613394582	8.924820180057784	9.187836309838842	9.119240551215258
6.0	1.5902180318914638	2.5380142983601894	13.94035247974652	8.766390174764068	6.579914860179998	8.370728813188842	8.67182826246422	8.766390174764068
7.0	1.5381859519161887	2.424822165475328	12.73549242906018	8.171720715682879	6.176898895473497	7.9470607685228885	8.170681692134764	8.171720715682879
8.0	1.8474571062559744	2.300276716016404	12.887353429553194	8.120446514417136	5.864140050543016	7.924253684057067	8.314166971278384	8.120446514417136
9.0	1.776938048933391	2.216865494618382	12.069689030262866	7.5362521756771885	6.144564816120143	7.398084598292653	7.788824607112518	7.5362521756771885
10.0	2.186592872020496	2.180785156469248	15.47931453880054	9.34282411593241	6.250343736787865	9.45379759883296	9.809015788669202	9.34282411593241
11.0	2.1034575145154997	2.1404722891920582	14.57403641513704	8.757944433292225	5.974041527848573	8.90320073133201	9.228817405348565	8.757944433292225
12.0	2.298845370308803	2.0639930152746477	16.007174192681845	10.591637250645572	11.844729672082192	10.110725594928015	10.435233910817963	10.591637250645572
14.0	2.4046806442741646	2.1983270549786473	16.184827226310567	10.249370389286764	11.59061042833295	9.750388699764263	10.17173172801325	10.249370389286764
16.0	2.4103629808316476	2.1345049917812364	16.005542845223722	9.57857753455677	11.137417511536539	9.22574796020644	9.712600092845491	9.57857753455677
18.0	2.40804161564918	2.0861651208423835	17.678948133221457	9.79000269802756	10.941689509817834	8.963934724638232	9.980357223901969	9.79000269802756
20.0	2.2773474029931062	2.024776132430178	16.700593807912707	9.046541301909777	10.087459095261357	8.247579789234223	9.200897613265047	9.059168835490981
23.0	2.1189139905715537	1.942359332494197	15.518122161405698	8.383821218730569	9.232992788718786	7.723097551215658	8.576806348409937	8.33851417173123
25.0	2.34418477915285	2.2785630249125384	16.41533129789993	8.848396622862559	8.997610430467763	8.147542415405972	8.500440581761689	8.80705077229555
29.0	2.539919985236317	2.348749529915486	16.71476019603023	8.399044595964881	8.348655919071279	7.662990992517147	8.064972208924829	8.468287418540188
32.0	2.4031428062919815	2.268614061200065	15.976848814283494	8.038861283144676	8.444953957825195	7.192917946706532	7.460447873655748	7.956694583519409
36.0	2.424534536559581	2.2847575012459815	15.09878438674221	7.640667875694809	7.974723188190987	6.85212183367866	7.063382369931737	7.724437208340415
41.0	2.33542661307902	2.219268977892807	14.617549884659887	7.455739071870694	8.184083163361887	6.397149214285439	6.406520643355487	7.403127741523632
46.0	2.7657502337839954	2.160458149758066	15.91166187853203	8.90934608432402	8.11810963745216	7.236413954794727	7.601088739455467	8.923686983034123
52.0	2.579414554805074	2.1248839589371316	14.655924387340841	8.220206435638046	8.04028889661519	6.679336895370515	7.010482795400034	8.341853245907723
58.0	2.5201341596076463	2.0424256669040624	14.023722664831036	8.036096343535903	7.679286647966369	6.431069564833816	6.815464206904553	8.168084892344687
65.0	2.5503045432053844	1.9916099441295214	14.917990159166987	8.947264728474675	7.961256590644548	6.5829364656063225	7.233577351588513	8.963704007004756
73.0	2.450862138190392	1.9817490273685052	14.64619503159774	8.358930154496855	7.892626873933241	6.294183508277493	6.813067640448699	8.366751458462677
83.0	2.33674758893496	1.9798018233001142	13.970450229933753	7.880206278929796	8.19938348298874	5.9467294153325225	6.452984263023991	7.872409997303929
93.0	2.612106273837663	1.9298839887692667	15.254932435368083	8.307371127112935	8.053687037397987	6.367941047288682	7.04453219789	8.451992105668308
104.0	2.514497128423616	1.9430851674099099	14.780087589020363	8.380360088055983	7.817400394826784	6.126624207140497	6.971157738139365	8.311268630104244
117.0	2.4418460349709763	1.9586542170098091	14.600657461145364	8.076957410707276	7.695059554737562	5.771896387310308	6.385212398431874	8.053197555385243
132.0	2.3053998719974924	1.9248796665192205	13.939717954207083	7.664151284460911	8.111461158447847	5.428680724359933	5.938307925889342	7.62838293934466
148.0	2.2326792226819543	1.9222147534662988	13.585447765776795	7.374781525024846	8.404027772804916	5.09463066981981	5.557112650632214	7.199029353498004
166.0	2.2393903089845932	1.9402730238865817	13.35316853935812	7.067915384259455	8.547271353694116	4.888423257663185	5.185543930639425	7.0092928908917616
187.0	2.3005333671598267	1.947589684343128	13.280011050940569	7.2587719878938	8.17132576887598	4.814983160747684	5.067816172343854	7.109992433106833
210.0	2.283919967437195	1.9084609165822919	13.572780771940298	7.2147254789767	8.217662776608824	4.650372710201136	4.765226839934805	7.116919209063754
236.0	2.256745477435482	1.9151232948761947	13.49050155862592	7.079046929886228	8.358870203946733	4.4226335962117185	4.45706872471656	7.019542263816662
265.0	2.2041421269335517	1.9142025943505743	13.449292195274634	6.911598270086153	8.0317015078287	4.14145480193055	4.223749595333477	6.8188932586642945
298.0	2.147756960075468	1.9015187685577728	13.255262372544477	6.786277833120387	8.767575916969099	3.904172803025938	3.9871039913176998	6.584518599499737
335.0	2.141605764415954	1.892316884709786	13.155751497384406	6.726179643542556	9.034511967074689	3.7900964952725156	3.9702249010502673	6.335726003346338
376.0	2.1688207669365207	1.86273820109581	13.366634746489959	6.899733840327216	9.42814190711223	3.6729810815835	3.792560306501702	6.324081888535968
422.0	2.113969171387257	1.8622167612988094	12.981913162778879	6.701007669047531	9.590808006359426	3.4729874589559055	3.667816435426857	6.0197516030212626
475.0	2.114483316726773	1.877802768873778	13.296268025257472	6.778706787032164	9.582065623583953	3.272396844540047	3.473158671837503	5.823536780532388
533.0	2.1270608902682913	1.8762997670204962	13.212680917165658	6.773081112862556	9.527113141801562	3.171603981087493	3.335811498913227	5.6595492002617895
599.0	2.158454734891559	1.8752784219476257	13.137036081626498	6.708337049446607	9.917450477326746	3.0255372502165168	3.190131367642921	5.530729990261431
673.0	2.117495708199615	1.8747679025264967	12.879524461187408	6.5611400064166725	9.45184861837175	2.8796949014428965	3.0705897003085987	5.344593139379731
756.0	2.0931201672866013	1.9038760946823783	12.834037150585957	6.50718389202808	9.30991898839318	2.787898577739544	2.9487719514835176	5.175264510121637
849.0	2.079769620781901	1.884668851943446	12.763475125412638	6.528576489816757	9.118499543948351	2.710178396690618	2.8675762251456436	4.938334616426885
954.0	2.086207980585515	1.897441743153616	12.706053458666004	6.461198010182747	9.002428868067527	2.634201530604235	2.8022118600312544	4.712461295583258
1072.0	2.1407494995940946	1.893845142342323	12.955601083830988	6.587991946107106	8.921419206819385	2.5929455376491335	2.7280721819302176	4.56969405059927
1204.0	2.173045003664641	1.8968937270070034	13.185296283276159	6.576524210103592	8.841038302104494	2.5367883229046457	2.6444086044480017	4.4479266160594655
1353.0	2.2104315043869702	1.912983994231944	13.262398410219253	6.762597620053406	8.820348421034868	2.4541101268152765	2.5768736489704223	4.318595505728517
1519.0	2.1872608079213487	1.901296019524969	13.292182130680072	6.739687000652716	8.887182943973224	2.387455451187508	2.551840507535802	4.110339234674605
1707.0	2.2178244450758675	1.8988711397992224	13.4312777496252	6.728834949308098	8.972904824158118	2.3401543229219435	2.5163816397673058	4.0060811259558715
1917.0	2.211195820064753	1.905262765627389	13.403129459648506	6.691150200448918	9.002816648012049	2.2817557023608535	2.471589633131952	3.9214637316524676
2154.0	2.222504542011744	1.901816308233161	13.473473111163905	6.651407899090754	8.955045924796417	2.2513486014401605	2.441560375080208	3.7961339251608806
2420.0	2.258721784584668	1.8980643054484259	13.58959179356694	6.8467936938411	8.987763995119577	2.2460098771237345	2.437681511744194	3.6804528246118466
2718.0	2.2669855800683343	1.895636939458784	13.609784458649935	6.854673761966819	9.092022711765557	2.2090428087830443	2.4084065497608225	3.5666359922385387
3053.0	2.250852353257165	1.9134714822624985	13.551058595928891	6.818853732270515	8.987150339824455	2.191668211105389	2.404110175198416	3.4234411956732975
3430.0	2.2327486629291418	1.9037149923612915	13.498926877038198	6.765944562733821	8.91687247188736	2.1770638144335703	2.3904326316935154	3.2795540054927748
3853.0	2.202043926963594	1.9085318418875907	13.241978018742955	6.654227944490813	8.841500859357675	2.1574034316295467	2.372365603166528	3.156577050937965
4328.0	2.1899764623503173	1.9066856551460587	13.159490520591639	6.611400745592301	8.814554668568961	2.1308410844239503	2.358351497642417	3.0491693406464684
4862.0	2.1814420551632914	1.9120607701480323	13.126304347167842	6.52956005095585	8.802369061285725	2.1125800128679155	2.3569921178423012	2.9566801076161133
5462.0	2.1737999152609113	1.907965658446584	13.137311209243697	6.501511137648027	8.68932705742968	2.098975219638234	2.369372992634345	2.900818287575269
6135.0	2.175565010126905	1.915035353976533	13.0981193787087	6.48436421605598	8.735507116336668	2.0864532014562207	2.3650870798573838	2.829388861383082
6892.0	2.164568005799792	1.9138810010971004	13.080724531257884	6.467248015946805	8.773297078905761	2.0668519400530876	2.3727223352983167	2.747253506977551
7742.0	2.170020249940496	1.9210678681595226	13.017426615393843	6.4554168518436255	8.747625314038768	2.050337651757855	2.372116616714134	2.7002140549372204
8697.0	2.1707381005064663	1.92367912414556	12.996621875570806	6.438143604174827	8.784093096658026	2.052625531072696	2.372243378428591	2.64271908833006
9770.0	2.1849747394468917	1.9216643465919399	13.171614955614345	6.494025738442877	8.72736985529566	2.043762706163255	2.376222038491855	2.6068753675100056
10974.0	2.182609774276268	1.9239657807744832	13.091208724133047	6.463070787133027	8.632443631441488	2.0326343235816853	2.3625283905607235	2.5583499118735404
12328.0	2.1776198897886383	1.9252832677499856	13.088710206814921	6.475026542040474	8.624970310262645	2.0165028498604287	2.3708969094238093	2.5133659849255485
13848.0	2.194248155102002	1.9254685490517707	13.110795452947	6.5040062302321	8.658115646086662	2.0093995692447915	2.3756973405306865	2.498092502805632
15556.0	2.182848096179912	1.9232125099177688	13.08308472447646	6.4694803398059975	8.776351201535254	1.997484594936709	2.3768934411691385	2.45722029242978
17475.0	2.181563215055733	1.922210997520894	13.068983045990118	6.447142304526969	8.77363092932585	1.990876998284474	2.383466581014105	2.4258485783991364
19630.0	2.178903906640203	1.9190726351166931	13.053675823230313	6.43074158256887	8.732163969510575	1.9863164326268221	2.3864462206786654	2.399903183193858
22051.0	2.180454321751166	1.9219932679140133	13.057566916270426	6.438207884114118	8.668873671351102	1.984680265096236	2.387576222424378	2.3779245484733047
24770.0	2.1713856755840526	1.9201873411221375	13.067052315222224	6.453247072866179	8.713613228446468	1.9798706938793067	2.3944263342471763	2.3480604032817483
27825.0	2.185435767071649	1.917386054020957	13.143228887193477	6.508554549700931	8.750114997015086	1.978822950440168	2.393626971456821	2.342713481432303
31256.0	2.1828234737492744	1.9194843172396843	13.114631802880215	6.480798030504349	8.775276955692183	1.9753904839036691	2.3907083016458808	2.322837220423608
35111.0	2.1786782263246094	1.9127078878392998	13.105181853694333	6.491924384744608	8.765831941912879	1.9647629361362442	2.392130810874922	2.303415934653867
39441.0	2.1806550836396372	1.9105141438923754	13.14426704978117	6.503920880670153	8.758805356507851	1.9621178406171234	2.3939092652590066	2.291698905323548
44305.0	2.188113088624172	1.9119229715642923	13.123022630849452	6.517036410878191	8.832466260374533	1.96158538536956	2.395670972889756	2.2869663007141168
49769.0	2.1965202399256505	1.9142399797895648	13.143240966681901	6.531461970551195	8.861112979373054	1.9601612367646606	2.395949318963177	2.284520851033883
55907.0	2.1930784412955617	1.915775599571957	13.143602430898088	6.518761230799439	8.875706589457556	1.9540733729945863	2.3955492024210017	2.2714176846034326
62802.0	2.1896418799882644	1.9163300664966036	13.161680045413245	6.519551416194934	8.852410345008044	1.9523827998502992	2.4011770233925382	2.2593804341155472
70547.0	2.1861616118026728	1.9145982443852703	13.163225971217067	6.530727337098736	8.898956429385075	1.9508529064623563	2.3995583910832794	2.2482440296579873
79247.0	2.1948338315677267	1.9131343950465722	13.216908458930895	6.554071025014794	8.899710937148205	1.9473760230881758	2.397365995957134	2.250100720509496
89020.0	2.1884945781090095	1.9137284116122009	13.187335002127186	6.527477851543569	8.872853003524154	1.94823293690573	2.394892074545551	2.2376940974904986
