x	arrow-star	ivy-random	localMinPairs-random	inbetween-3-4-random	dynamicStar-random
1.0	7.930605053206415	55.22921018497206	55.22921018497206	105.77436843130955	55.22921018497206
2.0	10.240806737608553	53.30849319701617	53.30849319701617	116.14061108860625	53.30849319701617
3.0	11.395907579809622	42.6007974880784	42.73799086478232	105.96266492695628	42.6007974880784
4.0	12.088968085130263	40.75775247932973	40.876365446651455	94.05130414201734	40.75775247932973
5.0	12.55100842201069	38.65998313728507	38.999275738841135	82.92220682780342	38.65998313728507
6.0	12.88103723406814	34.455079699468676	34.74590192937388	74.9728516033649	34.455079699468676
7.0	13.128558843111227	31.905000289867882	32.21022639975891	69.01083518503602	31.905000289867882
8.0	13.321075650144738	34.453160679330345	34.50162345484199	64.37371130411354	34.453160679330345
9.0	13.475089095771548	34.36797538904929	36.176192975941106	60.66401219937557	34.36797538904929
10.0	13.601100096738937	37.67647433251938	39.72313468621865	57.628803840953594	37.67647433251938
11.0	13.706109264211761	36.79779388869879	39.601583137482294	55.09946354226861	36.79779388869879
12.0	13.794963175150306	36.76787827724036	39.36641471814211	52.95925252030439	36.76787827724036
14.0	13.937129432651975	35.02919169193309	37.49101713937412	49.53491488516165	35.02919169193309
16.0	14.045844806035605	42.812708905246225	52.518295354303426	46.916303752405426	42.812708905246225
18.0	14.131672732391102	40.1125411396955	49.29719549377335	44.848979173913676	40.1125411396955
20.0	14.201152482297934	37.95577057612644	46.885616914343345	43.17543070561083	38.02521070981074
23.0	14.283659685312294	39.217412248367474	43.451509598079525	41.188091899501195	39.239710576567575
25.0	14.328086640781565	36.93687502166926	42.55857155780121	40.117986388519085	36.92896801244108
29.0	14.399169769532401	34.32152780487044	49.73918667449826	38.40581757094772	40.45913639829062
32.0	14.441173436521531	32.967258264014156	46.90024138510134	37.39408145147373	38.5957757437607
36.0	14.486582806239511	31.613215115210185	44.392721983371786	36.30031267366402	36.159755047436704
41.0	14.531181294355381	31.71886421314066	41.48824153893391	35.22607548117233	33.96192439397816
46.0	14.566290742446599	30.605080349372397	38.38691236201162	34.38039939346611	32.549125555049955
52.0	14.599677840254097	38.250349757241956	40.07187129920286	33.576209302515274	31.26361502721126
58.0	14.626274341897359	39.33334307715846	40.07882107018918	32.93558329785952	32.50738810427534
65.0	14.651191771467182	39.10904159741789	39.781765674328824	32.33540085410377	33.29766930504861
73.0	14.673896456326167	38.50990512332203	39.42998051375286	31.78851646519891	33.005069407694
83.0	14.696195700384102	36.124480633418024	37.91102858852079	31.251397868953063	32.59438891246864
93.0	14.71375042442971	35.75642810989211	35.46907513050904	30.82855982509995	31.193616685633838
104.0	14.729198581589847	34.94449763047896	32.98322362691428	30.45646234650921	31.259465810520886
117.0	14.74374222415509	34.78815519894989	30.18428332759365	30.10615177729666	32.54008642209107
132.0	14.756990481552583	34.5008835541601	27.52499296815355	29.787042959188067	32.83268253679257
148.0	14.76818185066509	34.0647141599977	25.47400928025271	29.51747810523324	34.51976837612569
166.0	14.778208848290594	34.7521233827657	23.343935379011253	29.27595929521534	33.564354314532416
187.0	14.787480265421271	33.716264860842514	21.332260178136966	29.05264004091686	31.884209435645822
210.0	14.795517167519877	33.275022180903456	19.619365925725432	28.859056367759464	30.81961569013301
236.0	14.802723987820368	33.735192092253136	17.993163524123464	28.685466752203904	30.816334028365624
265.0	14.809100293982699	33.069731825499716	16.770278081288545	28.531881607960933	31.392265515513508
298.0	14.814851544184018	33.66825565599331	15.498728506993	28.393352094280345	30.187456405397008
335.0	14.819956504905651	32.298209206203346	14.380689254171635	28.270389659788616	29.449562424240394
376.0	14.824442970852058	32.059292854738324	13.402631867976984	28.162324817546573	29.74038348962818
422.0	14.828441288194362	32.21847062814633	12.661945012564404	28.066017938592932	29.319498224680302
475.0	14.832089917113644	32.74883949327571	12.027535840086852	27.978133953007784	28.520653455013235
533.0	14.835252784116177	32.19312671773936	11.298078523586575	27.901950442925596	27.362995889469907
599.0	14.838108089568813	32.61050287477192	10.824131998042546	27.833175122444484	26.467777863086297
673.0	14.840644512783136	32.6440330874449	10.262024432823251	27.772080671313056	25.595459199898777
756.0	14.842899392930123	33.14923410667977	9.731682469521433	27.717767706438455	24.829074283181463
849.0	14.84490280040529	33.40867415416243	9.249302124417627	27.669511926647264	24.950488647579018
954.0	14.846695750280452	33.01720705312077	8.775316540326724	27.626325407965666	24.36268942077272
1072.0	14.848291923648224	33.186233675712046	8.3533509424541	27.587878615938312	22.516791018951743
1204.0	14.849707027486337	34.09148329439618	7.979253022292197	27.553793218913437	20.77938024977083
1353.0	14.850972875905878	33.75109161545124	7.644612377391981	27.52330291509898	20.13784078115874
1519.0	14.852090889237555	33.6518317318962	7.349053528048157	27.496373493198575	21.362126879302863
1707.0	14.853094643821258	33.74284543650971	7.0837002076770785	27.472196204875754	20.15496582462435
1917.0	14.853983198119604	33.521849651251905	6.848801321807357	27.450793728801806	19.134997806592445
2154.0	14.854777990354163	33.12009559189239	6.638689445982547	27.43164968570199	18.88819457036731
2420.0	14.855484699512203	33.15512320244727	6.451863278842163	27.414627286649708	18.770818103376907
2718.0	14.856112199054822	33.17802653480923	6.285977025498406	27.399512797898353	19.091582356850513
3053.0	14.856671399763709	32.8937993936929	6.138146303460798	27.386043413062005	18.712132755396045
3430.0	14.85717011512564	32.68258048401544	6.006305533462891	27.37403092983965	18.82003936832136
3853.0	14.857613528803508	32.15868650917464	5.889084358456022	27.363350490108516	18.900594866453144
4328.0	14.858008163676331	32.00254076510947	5.784758385217058	27.353844978245967	18.857244565192097
4862.0	14.8583597650379	31.974826294585085	5.6918087835370015	27.345376008209477	18.947162340924255
5462.0	14.858672817358054	32.13778503296704	5.609050035581299	27.337835563236883	17.71310085538189
6135.0	14.858951108677129	32.29838578718243	5.5354807321396775	27.331132401359973	16.624200117373928
6892.0	14.859199195328223	32.40934011801542	5.4698963575573885	27.32515677485745	16.295611879449098
7742.0	14.859419946254485	32.36890450605346	5.411538475853462	27.319839579919435	17.128702398430022
8697.0	14.859616497525016	32.38420780306681	5.359578033419242	27.31510527851192	17.409717000088637
9770.0	14.85979149929931	32.32834215113506	5.313314432102031	27.31089003663613	16.589102992247355
10974.0	14.859947125993111	32.53949604724768	5.272172841702306	27.307141479460515	16.14869528191529
12328.0	14.860085829496116	32.46802395292392	5.235505078822836	27.303800548681686	15.633372218588727
13848.0	14.860209224753056	32.543221860109504	5.202884215436149	27.300828345362945	15.25382962500893
15556.0	14.860319111355553	32.56429630421234	5.173834510151243	27.29818152300782	16.72784696983621
17475.0	14.86041694950588	32.53631979782231	5.147969942788295	27.295824909939558	17.678737650778007
19630.0	14.86050401858714	32.56387720489889	5.124952294656225	27.293727689845888	19.696312464350516
22051.0	14.860581537117278	32.41937954723537	5.10445943744823	27.291860512466698	22.287356904126387
24770.0	14.860650532309823	32.306963522490086	5.086219816199357	27.29019863545979	20.98609569728291
27825.0	14.860711967618006	32.33678074859507	5.069978731702824	27.288718852271067	19.561744053943904
31256.0	14.860766647024327	32.36953477181862	5.055523642505982	27.287401797490176	17.993700604208808
35111.0	14.860815335106526	32.47237120449801	5.042652424294187	27.28622905484908	21.50871341022016
39441.0	14.86085867367343	32.4847668102448	5.031195407989979	27.285185165192406	21.30124062424383
44305.0	14.860897254652263	32.55033747980287	5.020996111289652	27.284255870858914	19.787532490271158
49769.0	14.860931601086191	32.567010192579396	5.011916262039338	27.283428573378874	19.173753014875178
55907.0	14.860962177492022	32.60090196466834	5.0038330602956425	27.282692084011234	19.208062479720088
62802.0	14.86098939705011	32.572863733715046	4.996637277336348	27.28203645053688	18.487308652323293
70547.0	14.861013627276591	32.588462443562136	4.990231756364322	27.281452820653655	17.22562593855549
79247.0	14.861035197139364	32.61446682153025	4.984529531137319	27.28093327055649	16.061171020160867
89020.0	14.861054399219032	32.699662777709285	4.979453254856115	27.28047075290253	14.915485315743664
99999.0	14.861071494311783	32.73585009504019	4.974933983198954	27.280058985928182	13.895512279392957
