x	reclique	ivy-random	arrow-star	arrow-mst	localMinPairs-random	inbetween-3-4-random
1.0	5.0	7.0	1.5	6.5	7.0	8.0
2.0	5.0	5.666666666666667	1.6666666666666667	6.333333333333333	6.0	7.0
3.0	6.0	7.5	1.75	7.5	8.25	8.75
4.0	6.2	7.6	1.8	7.8	8.6	9.6
5.0	5.833333333333334	8.0	1.8333333333333335	7.833333333333333	9.333333333333332	10.166666666666666
6.0	6.2857142857142865	8.0	1.8571428571428572	8.285714285714285	9.428571428571427	11.571428571428571
7.0	5.750000000000001	7.625	1.875	7.749999999999999	9.124999999999998	12.0
8.0	5.666666666666668	7.777777777777778	1.8888888888888888	7.777777777777777	9.222222222222221	12.777777777777779
9.0	5.200000000000001	7.9	1.9	7.099999999999999	9.5	12.8
10.0	5.545454545454547	7.818181818181818	1.909090909090909	7.272727272727272	9.454545454545455	12.90909090909091
12.0	5.53846153846154	8.0	1.923076923076923	7.538461538461538	10.076923076923077	13.53846153846154
14.0	5.800000000000001	8.266666666666667	1.9333333333333331	7.6	10.266666666666666	13.600000000000001
16.0	5.7058823529411775	7.764705882352941	1.941176470588235	7.529411764705882	9.941176470588236	12.588235294117649
18.0	5.578947368421054	7.684210526315789	1.9473684210526314	7.31578947368421	9.947368421052632	12.473684210526317
21.0	5.545454545454547	7.590909090909091	1.9545454545454544	7.181818181818181	9.818181818181817	12.954545454545455
24.0	5.840000000000001	7.64	1.9599999999999997	7.2799999999999985	9.68	13.16
28.0	6.103448275862069	7.620689655172414	1.96551724137931	7.793103448275861	10.137931034482758	13.10344827586207
32.0	6.1818181818181825	7.575757575757576	1.9696969696969693	7.909090909090907	9.878787878787879	13.030303030303031
37.0	6.368421052631579	7.315789473684211	1.9736842105263155	7.842105263157893	9.605263157894738	12.76315789473684
43.0	6.545454545454545	7.25	1.9772727272727273	8.113636363636362	9.363636363636367	12.340909090909092
49.0	6.619999999999999	7.12	1.98	8.259999999999998	9.160000000000002	12.180000000000001
57.0	6.793103448275861	7.086206896551724	1.982758620689655	8.517241379310343	9.017241379310345	12.017241379310345
65.0	6.878787878787879	7.196969696969696	1.9848484848484846	8.575757575757574	9.015151515151517	12.075757575757578
75.0	6.986842105263159	7.171052631578946	1.9868421052631575	8.57894736842105	9.15789473684211	12.026315789473685
86.0	6.988505747126439	7.103448275862068	1.9885057471264365	8.425287356321835	9.126436781609199	12.011494252873561
99.0	7.240000000000003	7.12	1.99	8.479999999999997	9.290000000000006	12.069999999999999
114.0	7.330434782608699	7.295652173913045	1.9913043478260872	8.63478260869565	9.521739130434787	12.260869565217387
132.0	7.383458646616545	7.270676691729324	1.992481203007519	8.661654135338338	9.609022556390977	12.240601503759395
151.0	7.47368421052632	7.282894736842106	1.9934210526315788	8.651315789473676	9.644736842105265	12.157894736842104
174.0	7.525714285714288	7.348571428571428	1.9942857142857136	8.599999999999989	9.651428571428575	12.377142857142857
200.0	7.7263681592039815	7.25870646766169	1.9950248756218902	8.666666666666655	9.611940298507466	12.383084577114431
231.0	7.775862068965517	7.2844827586206895	1.9956896551724135	8.581896551724125	9.655172413793107	12.439655172413799
265.0	7.770676691729321	7.353383458646615	1.9962406015037595	8.484962406015027	9.62781954887218	12.53383458646617
305.0	7.80392156862745	7.349673202614376	1.9967320261437909	8.47385620915032	9.62418300653595	12.50653594771242
351.0	7.886363636363634	7.338068181818178	1.9971590909090904	8.457386363636367	9.607954545454547	12.482954545454554
403.0	7.858910891089109	7.3168316831683144	1.9975247524752466	8.465346534653468	9.556930693069308	12.433168316831694
464.0	7.933333333333335	7.305376344086016	1.9978494623655902	8.496774193548383	9.51182795698925	12.174193548387104
533.0	7.983146067415733	7.338951310861417	1.9981273408239697	8.56554307116104	9.466292134831463	12.144194756554317
613.0	8.04723127035831	7.330618892508141	1.9983713355048855	8.605863192182403	9.456026058631922	11.982084690553762
705.0	8.175637393767705	7.338526912181303	1.9985835694050984	8.654390934844187	9.42776203966005	11.950424929178478
811.0	8.20689655172413	7.312807881773396	1.9987684729064026	8.703201970443336	9.406403940886694	11.794334975369463
932.0	8.315112540192922	7.302250803858523	1.9989281886387973	8.700964630225073	9.420150053590563	11.705251875669882
1072.0	8.332712022367193	7.312208760484622	1.9990680335507902	8.671947809878834	9.39235787511649	11.52656104380242
1232.0	8.38929440389294	7.304947283049476	1.997566909975668	8.70802919708029	9.374695863746956	11.345498783454985
1417.0	8.409732016925247	7.276445698166424	1.997884344146685	8.687588152327216	9.306770098730603	11.081100141043722
1629.0	8.428834355828226	7.2699386503067425	1.9981595092024538	8.687116564417169	9.2760736196319	10.885276073619629
1873.0	8.444503735325506	7.283351120597648	1.9983991462113124	8.697972251867652	9.263607257203835	10.671824973319099
2154.0	8.461716937354975	7.288631090487236	1.9986078886310894	8.719257540603248	9.221809744779577	10.401856148491879
2477.0	8.457223567393058	7.292574656981431	1.998789346246971	8.703793381759484	9.143664245359155	10.089184826472964
2848.0	8.481923481923472	7.2800982800982785	1.9989469989469981	8.696033696033707	9.121797121797123	9.833625833625828
3274.0	8.496793893129784	7.286106870229004	1.9990839694656477	8.673893129770995	9.073282442748095	9.554503816793884
3764.0	8.507569721115555	7.287118193891096	1.999203187250995	8.634528552456846	9.027091633466132	9.29667994687915
4328.0	8.524601524601536	7.276507276507269	1.9993069993069983	8.654654654654655	8.980133980133969	9.012474012474016
4977.0	8.522298111691443	7.261952591402159	1.9993973483326613	8.656287665729216	8.95540377661712	8.721775813579756
5722.0	8.529267866503568	7.271361174209327	1.9991263323431752	8.659619080901615	8.939542198147835	8.433513891315709
6579.0	8.554103343465025	7.263829787234035	1.9989361702127628	8.654711246200582	8.91079027355624	8.120364741641325
7564.0	8.56523463317912	7.264243225380025	1.9988103106411084	8.644150693985452	8.878255122273629	7.781890284203562
8697.0	8.56380777190157	7.2659232007357994	1.9982754656242805	8.647850080478241	8.849965509312453	7.430788687054497
9999.0	8.580099999999998	7.260399999999989	1.998100000000002	8.64859999999998	8.837799999999982	7.069899999999987
11497.0	8.582101234997356	7.2517829187684635	1.9979996521134118	8.664202469994777	8.824404244216398	6.70647069055487
13219.0	8.590998487140695	7.246747352496198	1.9981089258698932	8.653630862329793	8.821028744326817	6.337518910741279
15199.0	8.601381578947365	7.248947368421037	1.9979605263157856	8.64914473684212	8.813026315789521	5.949934210526319
17475.0	8.603513389791697	7.251716639963362	1.9981116960402854	8.63967727168691	8.789826047150441	5.55001144426643
20092.0	8.615438212312732	7.256059324142709	1.9982580998357666	8.654207933111062	8.777136316130083	5.165679589906951
23101.0	8.614751969526441	7.251363518310077	1.9981386892909747	8.656047095489589	8.754869708250407	4.809540299541207
26560.0	8.618914950491284	7.25281427657089	1.9979292948307645	8.64417755355601	8.745378562554132	4.489815895485894
30538.0	8.621893316742522	7.25632797406592	1.9981335341694175	8.644323651724038	8.728805789318585	4.202822620256077
35111.0	8.629984051036645	7.260964912280669	1.9983196627933386	8.65575871496927	8.715282524493034	3.945602642971083
40370.0	8.6303287012954	7.262465631269943	1.9982413118327493	8.658665874018496	8.699115701865182	3.716578732258339
46415.0	8.635190451568322	7.261741640813494	1.998125646328853	8.657919682868007	8.689137366425385	3.5124526025508667
53366.0	8.634830513238406	7.26117263477425	1.9981449210186106	8.659340041598764	8.674293102479112	3.3321715666985323
61359.0	8.63722294654492	7.262793350717013	1.998191003911346	8.665792046936188	8.668888526727478	3.172653194263374
70547.0	8.639351930600391	7.263990474570464	1.9980864092532802	8.670989964279821	8.662839485173206	3.0315813346941143
81113.0	8.641257982592355	7.266797346943747	1.998187735779284	8.667357053036653	8.662154498606847	2.9080060162241
93260.0	8.64068581722258	7.2609987025659	1.9982736620881303	8.674890897588671	8.656630317067117	2.798704710436331
107226.0	8.643802400514625	7.258936648418758	1.9983679483712253	8.676769843416492	8.649668460369071	2.7027707573652457
123284.0	8.645187979072771	7.25851482337666	1.9982398507523391	8.678225250436038	8.642738370442444	2.6176096037636642
141747.0	8.647663459096211	7.257986003329798	1.9981587041792712	8.679621581962534	8.63890848548122	2.542653159127492
162974.0	8.651897530295688	7.258033440711754	1.9980794600399023	8.674612670655208	8.639134836631452	2.4771406657462958
187381.0	8.651076410754095	7.257127152020975	1.9981161477623195	8.670843517520517	8.635103691923511	2.4193999423637504
215443.0	8.654740907149566	7.260768459553262	1.9981108780007846	8.67057796921717	8.63511631792957	2.368151352555668
247707.0	8.651488849774411	7.2597251602692765	1.998138937781587	8.667552117816273	8.629014807757672	2.3235260871671457
284803.0	8.652346877150428	7.260126262271527	1.9981285375205478	8.667926012275133	8.626767882473736	2.284125222960333
327454.0	8.65231253149285	7.2599654914415055	1.9981524178894854	8.669527110595316	8.62441862240634	2.2499091478217914
376493.0	8.65394402035628	7.26144639755197	1.9982071427433006	8.670762349466447	8.623364515769266	2.2195891567992683
432875.0	8.654247405723657	7.263255528141872	1.9981911679095248	8.669739140077066	8.62358273500941	2.192734177917007
497701.0	8.653469345110027	7.263217748773183	1.998189679768224	8.668723452989957	8.622691891935318	2.1691212814093417
572236.0	8.653115754486139	7.2637997892480515	1.9981913088457832	8.668999033617142	8.62200626663431	2.148190347705571
657932.0	8.651450831619623	7.264171275798586	1.9981928251052719	8.667972270732633	8.620005380487274	2.1298186897449485
756462.0	8.652206386829093	7.263214459927328	1.9981955495509702	8.669530433081174	8.61894236730688	2.1138456210019445
869748.0	8.654807306475414	7.263610535913352	1.9981845336987822	8.670750986778922	8.619630491095887	2.0996862313149904
999999.0	8.655454999999726	7.263499000000156	1.9981489999999693	8.669499999999767	8.618647000000289	2.0872479999999722
