x	arrow-star	arrow-shortpairs	arrow-shortestpairs	arrow-random	arrow-mst
1.0	1.29540523509363	1.2216266106445364	1.3967953619164095	1.7827882399163448	1.5686674488226724
2.0	1.682689567080187	1.9976696642534792	1.9632293736381516	2.572396920009704	2.4603907818243274
3.0	1.6210398269938429	2.051137984004046	1.8243087968091811	2.812680108681271	2.398178822182182
4.0	1.5840499829420367	2.0832189758543858	1.740956450711799	2.956850021884211	2.3608516463968945
5.0	1.3200416524516971	1.7360158132119883	1.4507970422598324	2.4640416849035094	1.967376371997412
6.0	1.4838975808420891	1.528921393123407	1.284448160878702	2.3668248212403635	1.727230443510913
7.0	1.5954652416979718	1.749547705041344	1.4351341422105428	2.3680265770464617	1.9230681241304115
8.0	1.692147599043477	1.9529631557099525	1.584151557978854	2.567130569258037	2.107203528233568
9.0	1.721325506693538	1.9235691148108591	1.6217431284668684	2.6085184601481575	2.0623854500821133
10.0	1.7362035665663598	1.9205840157146308	1.678045619269525	2.6955237346649334	2.10987901835725
11.0	1.702948944059605	1.8720530834230464	1.6789210118936784	2.8140714798069735	2.10341364220847
12.0	1.6651817666590734	1.82127789530225	1.6699511756246601	2.6861810109982787	2.088232386208508
14.0	1.7510195548788337	1.949018900725674	1.681419194240707	2.838315486605623	2.0652177603722266
16.0	1.7961802695835558	2.026498789040695	1.7430875258519904	2.854417404315318	2.1290271946111825
18.0	1.7161771865961788	1.9039315844679583	1.636392319720421	2.7147952463859357	1.9956675262941839
20.0	1.6593711672003753	1.7584851276615412	1.5770996289088473	2.4921236789206636	1.8414843131233645
23.0	1.5641339104609935	1.6759216487233028	1.4837095091091341	2.4254603414955014	1.7485459360023983
25.0	1.5705650285291741	1.674647844408366	1.4628976054572636	2.599208564829657	1.7019416553303464
29.0	1.450951225833047	1.590240018937066	1.3531234200505453	2.448576677250204	1.6138946550694488
32.0	1.407062197335395	1.533688372884503	1.2910849538364961	2.4469872421854824	1.5489826931756523
36.0	1.3739538749258473	1.5534329277878658	1.2864286267487737	2.436359301030583	1.5670738080475395
41.0	1.3458008267963852	1.43227842797181	1.25141860459923	2.241803878608798	1.444295393914856
46.0	1.3976236153136252	1.4536208481394892	1.3432832615209365	2.200006691713079	1.5234301944167876
52.0	1.4034958850279406	1.4836286846315827	1.3688182863126463	2.329263948158971	1.571726847419235
58.0	1.4232647972733596	1.4962372192045412	1.3464794158831248	2.470591303256702	1.5308604217459425
65.0	1.4532223356438712	1.5121171525605495	1.3727830068808982	2.515733200534927	1.5641009753280526
73.0	1.4791084536415735	1.5615173118105674	1.4240726999816802	2.593548637885444	1.6453991902981395
83.0	1.4189909708760264	1.5173051206176362	1.3632984248177737	2.5250244290077686	1.5887614598285498
93.0	1.4238485902620628	1.5072264512896103	1.360003227613794	2.5154786574380448	1.58223957588598
104.0	1.4767623061301658	1.5279879769804352	1.3975329924747903	2.58364268486939	1.5998012043523542
117.0	1.5003050753960818	1.57078532864828	1.3844456065228397	2.6080136013387714	1.6089556860001568
132.0	1.5575465473444594	1.6297075522243627	1.4198851147879348	2.6355605662415122	1.6620321811954748
148.0	1.5476166572049963	1.590442703529239	1.3866657328862333	2.656073584879977	1.6123610380421993
166.0	1.5897835509947447	1.61651298216596	1.427610322666569	2.6571674110810486	1.6465058847835015
187.0	1.571199782196152	1.6077004786557871	1.4299823223789088	2.5473098988004015	1.6436142958463604
210.0	1.5795103658311729	1.5986613451238765	1.4482954705327498	2.587242989052532	1.6520789149435506
236.0	1.5848873737764286	1.621830128136464	1.4665717755095016	2.595036850897121	1.6840962590282276
265.0	1.577661380167348	1.5925188380782183	1.4526571265791013	2.565430209565557	1.6524448149943716
298.0	1.5591029227921507	1.592712693086157	1.444627010431016	2.575471427643019	1.6472114536269011
335.0	1.5470994250497156	1.5825258800571131	1.4219876331252967	2.567881039532883	1.6240987424949827
376.0	1.5343336954728608	1.5724159328464304	1.4033884556222027	2.564259461895584	1.6157447271589558
422.0	1.538632393220297	1.5842292726082778	1.4076765338668908	2.581282228418197	1.6239092596973768
475.0	1.55690547622104	1.6014871682875869	1.4186913300818846	2.5696146749307447	1.6368326737347052
533.0	1.5687418135912932	1.6092384376456044	1.4295452463315514	2.601824786228253	1.6465054289442889
599.0	1.558452027280016	1.5938730993265349	1.426034027502598	2.5969436669683885	1.6417635427255044
673.0	1.5497787943238204	1.585309909988593	1.4187864127680794	2.560979720001077	1.6367431557434025
756.0	1.5504524138740035	1.5775710754566363	1.4211445034064494	2.56338226900647	1.6409111270159387
849.0	1.559311580772502	1.596032201366449	1.435845211911899	2.561306948871371	1.6573781118414597
954.0	1.5687730697261015	1.5969106874273347	1.4392702612977424	2.583704369196248	1.6591928719963902
1072.0	1.5718769891045041	1.6030835745571788	1.4493899534820862	2.5980510962156043	1.669234029991732
1204.0	1.5785953223107285	1.6142055269736166	1.4586450783441094	2.6108964670314814	1.6774291524456981
1353.0	1.5657839353426086	1.5955541939788562	1.4387757001660348	2.5925013120403495	1.6480047845366386
1519.0	1.571403297684279	1.599312554752441	1.4454822591520422	2.586519423317172	1.6571654296365894
1707.0	1.5586359596318458	1.5911539240367523	1.4362803999767781	2.560541389022644	1.6482032363989496
1917.0	1.5638198966044858	1.5937755587276075	1.4352770716460446	2.579101831395876	1.6438587747237763
2154.0	1.563092334685005	1.5904027484313275	1.4354522921369748	2.5765297079072864	1.6391796091568591
2420.0	1.5673488423493862	1.5876438891442537	1.4329759490725613	2.586041484847025	1.640138481101029
2718.0	1.5537411454717907	1.5718900114664784	1.4198960755740937	2.5503840289685247	1.6250245880852747
3053.0	1.5476849247906097	1.5762674458092916	1.4161838930306738	2.5548315966353754	1.627197191886273
3430.0	1.5491442109746356	1.5838912542606673	1.4238274013387353	2.5569657565525987	1.6390572785106996
3853.0	1.5429412365569934	1.5752974733429819	1.4218581853269532	2.54961258183108	1.6342443208031463
4328.0	1.546428701693699	1.5790291417238456	1.421709582189937	2.55829742301095	1.6351374726918109
4862.0	1.5508251304254157	1.5795517701369748	1.4286657751129797	2.57094839410062	1.640858848102477
5462.0	1.5539461415000055	1.5884805475699584	1.4348591102652384	2.57645741966762	1.6509922325188586
6135.0	1.5572820450258074	1.5948458608355884	1.4398467678817914	2.5812297990960795	1.6573434785664314
6892.0	1.5585126672893221	1.6013388280995802	1.4433603541803703	2.5854577539194974	1.667503674102421
7742.0	1.5607040259791765	1.6051794080477118	1.4442623107105548	2.58520888914143	1.6688981567152672
8697.0	1.5577851235268425	1.6018780358675238	1.4390908430853548	2.588301811611924	1.6650638820820685
9770.0	1.5586325259086984	1.5999889670291618	1.4397250577154692	2.5881585154780895	1.6629521735504977
10974.0	1.5575198075109333	1.5945704627295194	1.4384126351954725	2.5857358407547157	1.6592604276010636
12328.0	1.5576860551940197	1.5961893955859905	1.4398261952960634	2.5801703103176554	1.6602012522718093
13848.0	1.5578868283100615	1.594622130777175	1.4383020015865262	2.586321481950151	1.6576518433089338
15556.0	1.5569898309539898	1.5935045212060137	1.4368673486135057	2.5797762924649095	1.656827182698964
17475.0	1.5549037340383742	1.5918586835649031	1.4343909318601402	2.582563307260495	1.6543641854442
19630.0	1.5569344812140373	1.592128271873304	1.4357374528557516	2.5795321202426744	1.6542967931328763
22051.0	1.556284677356475	1.590878477209963	1.4335749775800817	2.5816970299283253	1.6523680203943767
24770.0	1.5550498225228309	1.5879608436971735	1.4328618044997006	2.5768388103377458	1.6503875329374742
27825.0	1.5521722583771453	1.5856399495565339	1.431679715551018	2.5733140848080187	1.6484884936909896
31256.0	1.5517531091403993	1.5841728638247445	1.4308999042233566	2.5757510989371566	1.6469552665462017
35111.0	1.5521705748711763	1.5819417908342408	1.4294090779338746	2.5718087845717115	1.6449138635351883
39441.0	1.5507667506436622	1.582762864060306	1.429160671103851	2.5747253353830044	1.6464156407761519
44305.0	1.5522729127340338	1.5849361884342503	1.4295546813366182	2.577606068678525	1.647545016076301
49769.0	1.5506141378807587	1.5841672846689527	1.4292784232397664	2.5793155149427203	1.6491948917762482
55907.0	1.5508172802231157	1.5847323999642864	1.4285847310340472	2.5814255429821156	1.649466187945053
62802.0	1.55180488462307	1.5846267413069104	1.4296562745151034	2.580865934886899	1.6496889552301204
70547.0	1.550521087908293	1.5825721296861441	1.428054958610333	2.5809014471094387	1.6479293039997862
79247.0	1.5500369254902446	1.5820661316874849	1.4259461393607522	2.581080547803926	1.6460978294856523
89020.0	1.5487050450049773	1.5817723363491927	1.4250468354436439	2.5822769734104587	1.6454621294251508
99999.0	1.5476288262854416	1.580490339541213	1.424116333415418	2.5789990228980524	1.644421588953434
