x	arrow-star	arrow-shortpairs	arrow-shortestpairs	ivy-random	localMinPairs-random	minWeight-random	indexMeanWeight-random
1.0	1.0	1.5	0.5	1.0	1.0	1.0	1.0
2.0	0.6666666666666667	1.0	0.33333333333333337	0.6666666666666667	0.6666666666666667	0.6666666666666667	0.6666666666666667
3.0	0.75	1.0	0.5	1.0	1.0	1.0	1.0
4.0	1.0	1.2	0.8	1.6	1.6	1.6	1.6
5.0	1.1666666666666667	1.3333333333333333	1.0	1.5	1.6666666666666667	1.8333333333333335	1.6666666666666667
6.0	1.0	1.1428571428571428	0.8571428571428572	1.2857142857142858	1.4285714285714286	1.5714285714285716	1.4285714285714286
7.0	1.125	1.125	1.0	1.375	1.375	1.5000000000000002	1.375
8.0	1.2222222222222223	1.3333333333333333	1.1111111111111112	1.4444444444444444	1.4444444444444444	1.5555555555555558	1.3333333333333333
9.0	1.1	1.2	1.0	1.3	1.3	1.4000000000000001	1.2
10.0	1.1818181818181819	1.2727272727272727	1.0909090909090908	1.3636363636363638	1.4545454545454546	1.6363636363636365	1.2727272727272727
11.0	1.1666666666666667	1.25	1.0833333333333333	1.5833333333333335	1.4166666666666667	1.5833333333333335	1.4166666666666667
12.0	1.076923076923077	1.1538461538461537	0.9999999999999999	1.4615384615384617	1.3076923076923077	1.4615384615384617	1.3076923076923077
14.0	1.1333333333333335	1.2666666666666666	1.0666666666666667	1.4666666666666668	1.3333333333333335	1.4666666666666668	1.3333333333333335
16.0	1.1176470588235297	1.2941176470588236	1.0588235294117647	1.4705882352941178	1.4117647058823533	1.5294117647058822	1.4117647058823533
18.0	1.210526315789474	1.4736842105263157	1.1578947368421053	1.5263157894736845	1.5789473684210529	1.6315789473684208	1.473684210526316
20.0	1.285714285714286	1.5238095238095237	1.2380952380952381	1.4761904761904765	1.619047619047619	1.6666666666666665	1.4761904761904765
23.0	1.3750000000000004	1.6666666666666667	1.3333333333333333	1.5833333333333337	1.8333333333333333	1.8749999999999998	1.666666666666667
25.0	1.384615384615385	1.7307692307692308	1.346153846153846	1.6538461538461542	1.846153846153846	1.8846153846153846	1.6153846153846156
29.0	1.3666666666666671	1.7333333333333334	1.3333333333333333	1.666666666666667	1.8666666666666665	1.9	1.6333333333333335
32.0	1.4242424242424248	1.696969696969697	1.393939393939394	1.666666666666667	1.8181818181818181	1.8484848484848484	1.6666666666666667
36.0	1.4324324324324327	1.6756756756756757	1.4054054054054053	1.7297297297297298	1.8648648648648647	1.8918918918918919	1.6756756756756757
41.0	1.4047619047619049	1.6666666666666665	1.3809523809523812	1.7142857142857142	1.9285714285714286	2.0	1.6666666666666665
46.0	1.3829787234042554	1.6595744680851061	1.3617021276595747	1.6170212765957446	1.9148936170212767	2.021276595744681	1.6595744680851061
52.0	1.4528301886792454	1.773584905660377	1.4339622641509435	1.6981132075471697	2.0	2.1132075471698113	1.7358490566037734
58.0	1.5084745762711864	1.8305084745762705	1.4915254237288138	1.694915254237288	2.016949152542373	2.1355932203389827	1.7966101694915253
65.0	1.5303030303030303	1.9090909090909085	1.5151515151515154	1.6969696969696968	2.0606060606060606	2.2272727272727266	1.8333333333333337
73.0	1.4999999999999998	1.8378378378378373	1.4864864864864866	1.7432432432432432	2.0405405405405403	2.2972972972972974	1.7702702702702708
83.0	1.4880952380952381	1.8452380952380947	1.4761904761904763	1.7500000000000002	2.047619047619048	2.345238095238096	1.7500000000000007
93.0	1.457446808510638	1.787234042553191	1.4468085106382984	1.7553191489361704	2.0957446808510647	2.3191489361702136	1.6914893617021283
104.0	1.514285714285714	1.8761904761904757	1.5047619047619054	1.7809523809523808	2.1714285714285726	2.361904761904762	1.7428571428571433
117.0	1.550847457627119	1.8898305084745761	1.5423728813559328	1.8135593220338984	2.2372881355932215	2.457627118644068	1.7542372881355934
132.0	1.556390977443609	1.894736842105263	1.5488721804511285	1.8421052631578947	2.2481203007518804	2.4586466165413534	1.7518796992481203
148.0	1.5906040268456376	1.912751677852349	1.583892617449665	1.8724832214765097	2.248322147651007	2.476510067114094	1.7651006711409394
166.0	1.5748502994011975	1.8802395209580833	1.5688622754491026	1.8443113772455086	2.209580838323353	2.4251497005988014	1.7305389221556886
187.0	1.590425531914894	1.904255319148936	1.5851063829787244	1.877659574468085	2.2127659574468077	2.4521276595744665	1.7287234042553192
210.0	1.5971563981042662	1.90521327014218	1.5924170616113755	1.8909952606635072	2.246445497630331	2.483412322274879	1.7203791469194312
236.0	1.624472573839663	1.9367088607594936	1.6202531645569636	1.8987341772151896	2.2447257383966246	2.4683544303797453	1.7341772151898736
265.0	1.627819548872181	1.9473684210526319	1.6240601503759413	1.8796992481203	2.263157894736842	2.481203007518796	1.7255639097744362
298.0	1.6321070234113715	1.9698996655518395	1.6287625418060223	1.8929765886287622	2.3110367892976575	2.531772575250836	1.7190635451505019
335.0	1.645833333333334	1.9702380952380956	1.6428571428571455	1.87797619047619	2.3928571428571423	2.6071428571428568	1.7232142857142854
376.0	1.631299734748011	1.9734748010610084	1.6286472148541138	1.8726790450928377	2.413793103448276	2.636604774535808	1.7002652519893897
422.0	1.6288416075650114	1.952718676122932	1.6264775413711603	1.877068557919622	2.375886524822695	2.574468085106381	1.6903073286052015
475.0	1.6281512605042008	1.951680672268908	1.6260504201680686	1.8760504201680674	2.382352941176471	2.5987394957983168	1.6827731092436986
533.0	1.6273408239700362	1.9400749063670422	1.6254681647940086	1.8838951310861427	2.3951310861423227	2.5936329588014964	1.6760299625468178
599.0	1.6316666666666646	1.9433333333333345	1.6300000000000006	1.9166666666666665	2.4200000000000017	2.594999999999999	1.675000000000001
673.0	1.6305637982195829	1.925816023738873	1.6290801186943624	1.918397626112759	2.396142433234423	2.566765578635016	1.669139465875372
756.0	1.6155878467635387	1.8863936591809785	1.614266842800529	1.9114927344782024	2.3619550858652594	2.535006605019814	1.64993394980185
849.0	1.6058823529411748	1.8800000000000003	1.6047058823529416	1.9105882352941173	2.3694117647058857	2.5329411764705854	1.6364705882352941
954.0	1.6010471204188461	1.8670157068062825	1.6000000000000008	1.9130890052356018	2.3581151832460763	2.5319371727748665	1.6282722513089
1072.0	1.5945945945945939	1.863000931966449	1.5936626281453876	1.8956197576887233	2.362534948741848	2.537744641192915	1.6188257222739981
1204.0	1.597510373443984	1.8738589211618253	1.596680497925312	1.894605809128631	2.381742738589214	2.5751037344398333	1.6190871369294615
1353.0	1.5841949778434294	1.86632200886263	1.583456425406204	1.8744460856720835	2.3751846381093067	2.568685376661743	1.6033973412112272
1519.0	1.5940789473684231	1.8750000000000004	1.5934210526315795	1.8743421052631584	2.3644736842105263	2.5592105263157907	1.611184210526317
1707.0	1.5884074941452013	1.8758782201405149	1.5878220140515218	1.8483606557377052	2.324355971896955	2.5521077283372366	1.6036299765807978
1917.0	1.585505735140773	1.8644421272158493	1.5849843587069858	1.8472367049009388	2.3232533889468168	2.543795620437957	1.5990615224191875
2154.0	1.5800464037122979	1.8682134570765658	1.5795823665893263	1.8436194895591649	2.3211136890951245	2.5503480278422237	1.5921113689095137
2420.0	1.5774473358116474	1.866997108632795	1.5770342833539834	1.8471705906650158	2.3197026022304836	2.5481206113176333	1.588186699710864
2718.0	1.5774181684442787	1.8569326958440597	1.5770503861713838	1.8514159617506452	2.311143802868707	2.5376976829716753	1.5869805075395378
3053.0	1.5720366732154538	1.8539620170268492	1.5717092337917467	1.8542894564505579	2.3064833005893983	2.5265225933202307	1.5805500982318303
3430.0	1.5741766248907008	1.8548528125910817	1.5738851646750183	1.8446517050422628	2.3057417662489135	2.5260856893034065	1.581754590498398
3853.0	1.5685002594706785	1.8443175921120918	1.5682407887908645	1.843279709392838	2.2778930980799212	2.5111572392319648	1.5752464971458247
4328.0	1.5728805728805721	1.8500808500808485	1.5726495726495726	1.8380688380688381	2.2887502887502946	2.522984522984518	1.5788865788865825
4862.0	1.5700185070943848	1.84536294468435	1.5698128727123197	1.8365206662553983	2.2839810816368566	2.5210775241620373	1.5753650010281752
5462.0	1.568185978400146	1.8456891817682588	1.5680029287937058	1.832326560497894	2.2721947647812675	2.5178473366282272	1.5729452681676772
6135.0	1.5731747066492814	1.8554432855280314	1.5730117340286842	1.8309973924380698	2.2741199478487664	2.520371577574965	1.5774119947848797
6892.0	1.5710140722472052	1.8544900623821245	1.5708689975337327	1.8308428840853037	2.276947628028436	2.5234295662266013	1.5747860147976251
7742.0	1.571871367686944	1.8548366266305034	1.5717422187782524	1.8300400361616949	2.2673382409918656	2.5208575487537104	1.5752292393129277
8697.0	1.5776040469073376	1.8633019084847091	1.5774890779489543	1.8284663140951967	2.271096803862951	2.5363301908484663	1.5805932398252494
9770.0	1.5834612629208937	1.8721727561150379	1.5833589192508446	1.8335891925084444	2.279091188210007	2.5445706683041664	1.5861221983420328
10974.0	1.5812300683371359	1.8676082004555812	1.5811389521640085	1.827881548974943	2.2776309794988627	2.5405922551252873	1.5835990888382678
12328.0	1.5805823667775172	1.8695757969016193	1.5805012571984718	1.82772325411631	2.289480087598344	2.540757563468251	1.5826912158325916
13848.0	1.5819192721496111	1.8703877536284261	1.5818470647700151	1.8273521553902836	2.291501191421757	2.538017185356352	1.5837966640190642
15556.0	1.5817316963424823	1.8686122002956873	1.5816674165970257	1.8251590923699998	2.288551777334957	2.5391785048531275	1.5834029697242393
17475.0	1.5855458915083525	1.8760013733119725	1.58548867017624	1.8263904783703448	2.291714351110094	2.5528725108720574	1.587033646143283
19630.0	1.5847893637613955	1.8746370536396488	1.5847384239213473	1.8275686414344743	2.2908155468391884	2.550812490448788	1.5861137996026693
22051.0	1.5848449120261192	1.874251768547063	1.584799564665336	1.8290404498458301	2.297841465626709	2.555323780156012	1.5860239434064929
24770.0	1.5843930402486783	1.8718662952646143	1.584352670461427	1.8278632271607964	2.3026522950224027	2.559283032578433	1.5854426547172131
27825.0	1.5862862071443986	1.8775605548767258	1.5862502695320986	1.8300869690217798	2.308200963128018	2.5619564436139095	1.5872205850643273
31257.0	1.5844583786550661	1.8758397850150272	1.5844263868449713	1.8314031607908325	2.303890204107759	2.5559536758590102	1.5852901657175764
35111.0	1.5842162223741163	1.8760822510822408	1.584187742082485	1.833902939166088	2.3047106402369666	2.5588118022328845	1.5849567099567168
39442.0	1.583855183429248	1.8757954516644206	1.5838298303881673	1.8316051010318586	2.3049463783180957	2.556423192962025	1.584514362497784
44306.0	1.583790371724551	1.8772203037894553	1.5837678019274668	1.8333220484347779	2.305166226555645	2.557067731961125	1.584377186449092
49770.0	1.5826887143115433	1.8770971047396907	1.5826686222900923	1.8292981856904542	2.3026260272046	2.5583773683470707	1.5832111068694654
55908.0	1.5802285857375327	1.8751184961276253	1.5802106995296008	1.8288647623817187	2.2977517036613126	2.555760253268754	1.580693627144107
62802.0	1.5800041399296134	1.8741939079343264	1.5799882171233899	1.829004983838343	2.2976450169577975	2.5577281340063776	1.5804181328917477
70548.0	1.5790443521524042	1.8730669463776966	1.5790301776070592	1.830132248508114	2.296814979659515	2.5555713050504334	1.579412890331539
79248.0	1.5780262211510514	1.8715693573420558	1.5780136026953095	1.8302312962939522	2.294388572726455	2.5552246716047344	1.5783543010006371
89021.0	1.5776437285165397	1.8720990317000403	1.5776324953382435	1.8297274830940715	2.2923209993035196	2.553885556379374	1.5779357911527443
