x	arrow-star	arrow-shortpairs	arrow-shortestpairs	ivy-random	localMinPairs-random	minWeight-random	indexMeanWeight-random
1.0	1.0	1.1044084186701275	1.0	3.9852452196578185	3.9852452196578185	3.9852452196578185	3.9852452196578185
2.0	1.0	1.0696056124467517	1.2045908277230464	3.743864714068284	3.743864714068284	3.743864714068284	3.743864714068284
3.0	1.1534431207922848	1.2056473301273485	1.3068862415845695	3.057898535551213	3.1039113253105794	3.2569673662860272	3.1039113253105794
4.0	1.2455089932676557	1.2872723607357066	1.5902855787354857	3.0735926129382745	2.6831290602484636	2.805573893028822	2.6831290602484636
5.0	1.4919046489462382	1.2393936339464222	1.524404304387195	2.792119689226753	2.4667333953185775	2.568770755968876	2.402607550207053
6.0	1.449489403760453	1.252834514265649	1.450729498830124	2.7404695237330445	2.5085766293531546	2.6062118206341496	2.377513502553274
7.0	1.3943883114763587	1.2223152831684052	1.3943883114763584	3.8960908434191315	2.3200045506840103	2.4054353430548807	2.9213106433106835
8.0	1.3505673879789855	1.1976135850385825	1.3505673879789852	3.574302971928117	2.1733373783857868	2.2492758604932273	2.70783168294283
9.0	1.3155106491810868	1.1778522265347242	1.346277666270939	3.3476396918251576	2.0867706576370604	2.155115291533757	2.567815531738399
10.0	1.3147978784281265	1.206805853989204	1.3690721442283618	3.2152794111068266	2.1124992741683086	2.174630759528942	2.627297981930654
11.0	1.3383161322093318	1.2522811495434953	1.3880675425262141	3.030672793514591	2.112809463154798	2.1697633247353787	2.541441227086649
12.0	1.3582161931011207	1.290760245781742	1.430763955943249	3.0527148597670655	2.1761878648059474	2.130601678942467	2.495416587845189
14.0	1.386769356916042	1.3436751072472015	1.5142900782787705	2.7790195451314568	2.055490741606504	2.0159827138581545	2.30946830456439
16.0	1.4660702173044464	1.4357947037127035	1.4783550714217424	2.619004381540567	1.9928624840296418	1.9580024595458039	2.2116219794308485
18.0	1.4542916542162772	1.4341361954222427	1.5588758702758763	2.7398741661898702	1.9474691763928391	1.9162786281704576	2.18169289675133
20.0	1.505649596916269	1.5103558074215038	1.5056495969162689	2.680415681968724	1.919114422329904	1.890894402509654	2.130800788271687
23.0	1.5066158073329963	1.5268173268149692	1.578444262638794	2.5788823172922704	1.856836865872426	1.832144348529707	2.1665543815571606
25.0	1.600251739641162	1.4862929170599715	1.6019741092925346	2.4959825709596295	1.794751056528387	1.7719579635966465	2.144844988294104
29.0	1.6103226305205707	1.4592788526183758	1.6103226305205707	2.6031548577866097	1.868465819623476	1.848711805749301	2.104962693098086
32.0	1.5548387550187006	1.4175262296530688	1.5548387550187006	2.491049082556046	1.849374301229492	1.8136088733803872	2.010154115199345
36.0	1.5222805643083182	1.416168244750319	1.5277294542131394	2.3768941112070174	1.7988725335732754	1.7953826794302037	1.9451445728819325
41.0	1.534405809109687	1.4553258322583986	1.5483094735438812	2.5113849480591233	1.76219055760044	1.7663374833536514	2.015321720597261
46.0	1.5418511077800896	1.4814746703390869	1.5420358027904655	2.4909874784011414	1.7411857035818519	1.7029883041346756	1.9661829591277085
52.0	1.5299477058608733	1.4886648103542126	1.5554753665865464	2.4398987176060762	1.7367768936691286	1.7243784177327839	1.9395150246168331
58.0	1.522473207633004	1.4970170287119182	1.550436247077029	2.3970627783776473	1.7281379609803489	1.740826485155599	1.9025417216817992
65.0	1.4927415510412083	1.46998526988448	1.4927415510412079	2.3722538418229986	1.689149422605843	1.6881973496477778	1.8216265645637721
73.0	1.5370892034181616	1.5342221927477795	1.5370892034181614	2.331311418275152	1.7289784505480028	1.7558014801368436	1.8404925853061793
83.0	1.5334607982423858	1.5184007910440318	1.5389703954422531	2.439506692782478	1.726654002805672	1.700587636475313	1.811742745441681
93.0	1.532536354053379	1.5327746519211674	1.541245552964765	2.402876333646015	1.7033422831787013	1.6767346141162818	1.78499956785787
104.0	1.5478442883393462	1.5391161758541543	1.549833264720242	2.4163604236312257	1.6917818183228672	1.6831848387982944	1.7714673495516284
117.0	1.5563339921599346	1.5280451903057322	1.5563339921599348	2.401770882998055	1.6613371054450317	1.6619518124274952	1.7535507625607445
132.0	1.5628210658085138	1.5182905414118313	1.5651343753641418	2.3805959282432165	1.6431673757757927	1.649180537278861	1.7401086528626046
148.0	1.5407460412829024	1.4957973329551886	1.5448653196934334	2.3511047360707447	1.6156277714774079	1.6178485004924459	1.7010504130309874
166.0	1.577763161690943	1.5385062155707772	1.5789704007716512	2.3728445629412933	1.6199426955351899	1.6187701833690977	1.7183211726716245
187.0	1.567151630719406	1.5389176521672512	1.571506230175098	2.3231079687760907	1.6324462256046102	1.6231141487516718	1.6952912243628404
210.0	1.572679306971641	1.5484179690042277	1.5747893113999052	2.303910738471096	1.6095135363082382	1.5952105134983938	1.6850811545624431
236.0	1.5951787287147874	1.5638278344336265	1.6032496604466053	2.298308426647663	1.5942920849581954	1.58952412526797	1.7014419765111426
265.0	1.6055599648427985	1.5835992624619724	1.6109219495238876	2.3299511925563694	1.6205899897779446	1.6069077492051496	1.6984090882731184
298.0	1.5969808078791592	1.5786879119684132	1.5984698076596404	2.2994782939844325	1.6371388717608735	1.6292853451727902	1.6763011752425678
335.0	1.596212907832644	1.5894237982943211	1.5975903071326112	2.2324741578167324	1.642153990580986	1.64669268525289	1.666850958642419
376.0	1.6068587307172355	1.5878377623507478	1.6106419878131764	2.301664886284107	1.6553208153343715	1.634902288197646	1.6723703138272232
422.0	1.6083832893534544	1.5933243345610686	1.6097946768801736	2.278333898128038	1.6408488352483726	1.6218164901114442	1.6648102298525045
475.0	1.5969179375713685	1.5870251068401307	1.5969179375713676	2.2913173758877114	1.6429062126537355	1.6253571335334849	1.6458078092253503
533.0	1.5979129172794977	1.585252896461554	1.6014949600144048	2.317825650185561	1.6552654046777246	1.6190361599078844	1.645074695795858
599.0	1.610074187273739	1.5838924455327332	1.610074187273739	2.350219244184444	1.642841439142956	1.6045958462653245	1.648860152119232
673.0	1.5904994454883763	1.563599083987802	1.5930218697672014	2.3505004400921856	1.6202249429751696	1.5802698843801875	1.627549434911556
756.0	1.5868049881202682	1.556563818738163	1.5868049881202688	2.346334724802919	1.6136848845657172	1.5760857863838278	1.6175468360823488
849.0	1.583587553786397	1.5507031023594382	1.5837958160253598	2.3486359137561053	1.6084363013925387	1.5791425987241852	1.6111741441515885
954.0	1.5817782638688294	1.5450249773491285	1.5831949822127689	2.3264476006576107	1.6219579276379879	1.5877412003152096	1.607563127665433
1072.0	1.5874214573876382	1.5550901713609584	1.5883004144397805	2.3327128804272195	1.6338223392206561	1.607716202683024	1.6099887452014727
1204.0	1.5924646368243194	1.5622812507376393	1.59246463682432	2.338369804743894	1.6455928882969046	1.611861250274601	1.6117771504403333
1353.0	1.5931009981813753	1.5620413577892311	1.593654466120881	2.32331112536205	1.6365420355913785	1.5993241466073467	1.610841747440893
1519.0	1.6047436972810485	1.5751696343278379	1.6056820446002404	2.307959446773559	1.64115152042615	1.607749041111169	1.6209922938813552
1707.0	1.598525005061103	1.5661324440138276	1.5988745465855794	2.3072687824089515	1.635516832669369	1.6012055129047091	1.6124995927842278
1917.0	1.5965330985172674	1.5699841487141746	1.5970248195375738	2.296076245282494	1.634907613107372	1.603792550650928	1.6091580723568089
2154.0	1.5957085157567612	1.572572216152162	1.5963363422154448	2.3032431710641585	1.6405650503780485	1.6021705595291467	1.6071352187385486
2420.0	1.5934925425757684	1.5660707317457696	1.593676438046386	2.318288312599238	1.638692310937628	1.5983251822188265	1.6032888209077183
2718.0	1.5893038834007196	1.564633497985932	1.5893070759956043	2.3373120200745756	1.6329536038805295	1.5927664631405638	1.5978659501799684
3053.0	1.5922316860880157	1.5693317148710604	1.592246487591349	2.3258900962606597	1.6359249818835964	1.5978134953432221	1.599866519977492
3430.0	1.584063630827481	1.5606554965556594	1.5840661608961193	2.314448803524857	1.6213568014399553	1.5894902487548557	1.5908489003036634
3853.0	1.5829652143841737	1.559019346525953	1.583371109869169	2.295315428247274	1.620929776183648	1.5917255157766297	1.589409402268568
4328.0	1.5785280142034512	1.5557020687061553	1.5785280142034537	2.305966110046577	1.6199073919749543	1.5868990128527654	1.5839037543067813
4862.0	1.5818387325991743	1.5568922720417877	1.58199283409827	2.2926119692138456	1.61791953766073	1.5861882902723161	1.586778270846634
5462.0	1.5815388904343644	1.560918209141764	1.5816512412458568	2.288734922092869	1.6108862901011622	1.5822302790589977	1.5859110946061508
6135.0	1.5802490102973095	1.5592711101403107	1.580249010297312	2.2885457044644477	1.6099171775478403	1.584156174514178	1.5840416404973277
6892.0	1.580932115885664	1.5590896713862739	1.5809321158856673	2.283750845687065	1.60633854071593	1.584440714296019	1.5843082335278094
7742.0	1.5833415341467485	1.5636947245706172	1.5834080432573545	2.278475305442159	1.606796821052207	1.5885144575084764	1.5864135422767598
8697.0	1.5849780068317452	1.5668337629274087	1.585029192269131	2.2831518451240593	1.6032051137185497	1.5878022396513087	1.5877047014559862
9770.0	1.584538717086414	1.5663747422902683	1.5845387170864174	2.275849364353457	1.6067250591941287	1.5878103603485645	1.586920415879505
10974.0	1.5834643961024584	1.5651569400611676	1.5835113191132517	2.2786583114844725	1.6064443843339775	1.5866363522230105	1.5856317363257528
12328.0	1.5824494324982157	1.5631302683286543	1.5824494324982221	2.2757536321948226	1.6044699233868718	1.5830056746662655	1.5843369804670118
13848.0	1.5856005163147717	1.5656289417013172	1.5856686166048275	2.275551680224512	1.6059349516420878	1.585813120774701	1.587348996336737
15556.0	1.588267367360235	1.569528241876049	1.588267367360242	2.2752785580751858	1.6085579467569364	1.591478414929678	1.5897632585286667
17475.0	1.5872361869529235	1.5680971984141874	1.5872696015733352	2.2796405139324816	1.608299384693773	1.58907559853249	1.588601232318768
19630.0	1.5883201108594243	1.5674623978852	1.5883201108594263	2.279504700819094	1.6123678863888127	1.5905950125122628	1.5895055613666456
22051.0	1.5881951131063217	1.5678048828126323	1.5882818540287147	2.277430622836021	1.6140253267868194	1.592310786462996	1.5893371587134202
24770.0	1.5910632118458685	1.5716972755095966	1.5910650196699814	2.2821007485910667	1.6183992678795185	1.593330951624651	1.5920044883594642
27825.0	1.5922581199949104	1.5737331433021051	1.592258119994919	2.2901241017789156	1.6145568117742655	1.5911615305221527	1.5930944449754063
31257.0	1.593371456407481	1.5747632710749924	1.5933879315512482	2.2926703327011153	1.6158056584658989	1.5929780312805868	1.5941324314842904
35111.0	1.5952394895705884	1.5760177483180697	1.5952407769877492	2.2914995232386626	1.6161758526520262	1.5922694371015977	1.5959035583419043
39442.0	1.5923778995970586	1.5744585717466926	1.5924175598967096	2.2907963135509375	1.6141512456374323	1.5912376576081504	1.5930075651931428
44306.0	1.5929663634402453	1.5759970142961481	1.5929709137128134	2.2872676459493957	1.6177546424594358	1.5940023719792584	1.593496148526886
49770.0	1.5920347689394658	1.574499783792626	1.5920467642163192	2.2875066731141906	1.6154886206646353	1.5936176866933556	1.5925143372790842
55908.0	1.5912646770064938	1.5737036945048326	1.5912730811836895	2.287678691621625	1.615454300987264	1.5942753935424652	1.5916893214832228
62802.0	1.5891496027918381	1.571924852774154	1.5891527077061476	2.288998040040655	1.613243980261816	1.5921845000522212	1.5895232565478588
70548.0	1.589878776517591	1.5717544892520692	1.5899069427581594	2.291364792964903	1.61376618590472	1.5927211682959548	1.5902368068087647
79248.0	1.590539488101918	1.5727091374338085	1.5905592274197577	2.293209345421812	1.6121153003087456	1.592341211672245	1.5908528788084897
